e
960 939 379 918 958 884 971 672 962 127 852 754 715 004 339 660 129 306 651 505 519 271 702 802 395 266 424 689 642 842 174 350 718 121 267 153 782 770 623 355 993 237 280 874 144 307 891 325 963 941 337 723 487 857 735 749 823 926 629 715 517 173 716 995 165 232 890 538 221 612 403 238 855 866 184 013 235 585 136 048 828 693 337 902 491 454 229 288 667 081 096 184 496 091 705 183 454 067 827 731 551 705 405 381 627 380 967 602 565 625 016 981 482 083 418 783 163 849 115 590 225 610 003 652 351 370 343 874 461 848 378 737 238 198 224 849 863 465 033 159 410 054 974 700 593 138 339 226 497 249 461 751 545 728 366 702 369 745 461 014 655 997 933 798 537 483 143 786 841 806 593 422 227 898 388 722 980 000 748 404 719

e ud
485 845 063 618 971 342 358 209 596 249 420 204 458 140 058 798 324 454 948 309 308 506 193 470 470 880 992 845 064 476 986 552 436 484 999 724 702 491 511 911 041 160 573 917 740 785 691 975 432 657 185 544 205 721 044 573 588 368 182 982 375 413 963 433 822 519 945 219 165 128 434 833 290 513 119 319 995 350 241 375 876 523 926 487 461 339 490 687 013 056 229 581 321 948 111 368 533 953 556 529 085 002 387 509 285 689 269 455 597 428 154 638 651 073 004 910 672 305 893 358 605 254 409 666 435 126 534 936 364 395 712 556 569 593 681 518 433 485 760 526 694 016 125 126 695 142 155 053 955 451 915 378 545 752 575 659 074 054 015 792 900 176 596 796 548 006 442 782 913 148 854 825 991 472 124 850 635 268 663 047 630 0

e m
960 939 379 918 958 884 971 672 962 127 852 754 715 004 339 660 129 306 651 505 519 271 702 802 395 266 424 689 642 842 174 350 718 121 267 153 782 770 623 355 993 237 280 874 144 307 891 325 963 941 337 723 487 857 735 749 823 926 629 715 517 173 716 995 165 232 890 538 221 619 561 473 865 746 304 976 129 424 045 718 105 969 772 957 780 071 378 947 793 563 513 931 864 113 000 001 789 527 775 210 688 581 680 015 878 964 689 698 625 804 521 100 857 365 074 479 343 590 796 865 027 291 430 488 764 109 166 114 175 418 424 474 283 641 090 696 592 832 055 519 702 424 145 093 004 927 124 836 758 421 783 123 945 077 848 922 768 850 024 994 420 401 465 984 181 988 810 268 899 889 658 768 790 368 588 343 669 419 583 602 671

pac
505 121 119 258 545 028 405 382 310 192 638 999 916 761 063 742 803 778 755 413 813 739 636 457 898 608 110 622 960 875 553 735 000 680 584 285 620 548 056 371 988 793 068 194 967 401 582 741 942 464 937 883 774 625 894 969 403 685 476 538 863 627 752 872 457 801 079 426 450 422 653 198 648 409 526 904 826 816 665 589 835 648 899 973 791 399 234 784 693 720 514 258 889 481 799 005 098 583 660 906 539 393 728 782 081 383 128 259 394 273 28

e pac
960 939 379 918 958 884 971 672 962 127 852 754 715 004 339 660 129 306 651 505 519 271 702 802 395 266 424 689 642 842 174 350 718 121 267 153 782 770 623 355 993 237 280 874 144 307 891 325 963 941 337 723 487 857 735 749 823 926 629 715 517 173 716 995 165 232 890 538 221 612 403 238 855 866 184 013 235 585 136 048 828 693 337 902 491 454 229 288 667 081 096 184 496 091 705 183 454 067 827 731 551 705 405 381 627 380 967 602 565 625 016 981 482 083 418 783 163 849 115 590 225 610 003 650 304 373 140 006 788 703 105 310 056 050 416 837 618 168 759 350 396 016 335 896 900 166 586 619 361 818 796 226 019 318 842 783 854 274 509 778 743 296 465 859 924 923 889 144 402 991 679 741 570 258 375 532 899 070 885 494 784

ch
161 949 590 107 255 138 950 245 903 585 522 559 638 189 905 949 908 455 917 971 518 508 254 011 451 265 191 643 303 892 420 399 432 085 211 884 253 440 124 824 756 071 181 627 351 521 271 133 756 846 056 326 195 053 489 140 844 831 945 912 598 997 631 411 193 123 445 783 270 349 324 532 705 397 720 566 594 585 610 418 949 664 610 376 487 428 666 220 712 641 140 184 332 179 736 396 441 776 283 347 759 428 742 113 688 227 339 047 973 546 962 983 920 931 797 697 466 841 109 515 188 107 758 229 130 006 837 334 551 905 723 916 644 504 083 030 402 189 821 097 845 076 739 286 736 937 931 392 496 102 062 850 740 180 132 253 100 106 659 119 298 420 926 171 761 298 783 167 593 022 984 404 811 710 977 026 647 891 936 298 051 7

rr
148 584 620 142 670 261 848 474 630 449 152 952 786 525 594 715 914 615 310 136 012 460 419 659 099 680 940 144 913 280 870 541 440 211 932 125 146 754 857 436 673 758 697 393 707 035 860 803 187 506 735 998 570 739 360 727 042 365 511 286 613 053 292 144 520 639 548 866 729 279 634 213 298 563 553 623 239 680 507 250 186 059 562 179 876 659 273 481 356 953 008 548 443 114 001 041 970 796 210 927 235 217 533 092 266 408 255 055 380 144 099 589 398 642 437 272 262 162 331 499 787 843 178 184 761 201 794 487 750 571 606 153 054 445 102 868 895 950 015 046 187 120 292 115 577 503 638 728 652 234 043 002 892 022 340 851 328 246 429 265 520 525 537 459 923 108 274 557 073 489 92

jm
372 083 033 950 735 793 549 092 207 814 128 193 877 406 406 987 070 740 530 164 153 752 451 772 477 355 048 162 632 295 711 679 625 645 671 048 729 902 403 472 737 076 481 245 711 011 313 585 187 257 286 328 568 583 883 284 043 966 405 099 610 148 274 303 952 972 830 335 087 988 845 799 684 692 379 343 536 710 263 665 603 656 018 474 038 250 740 665 998 989 033 038 052 919 808 929 906 503 942 559 390 851 022 294 811 951 200 255 419 697 649 442 924 410 952 487 543 267 144 903 651 308 154 509 747 086 649 723 536 995 444 767 008 749 518 848

tl
804 123 465 236 606 722 115 378 003 643 723 761 860 053 467 782 888 404 060 065 730 217 464 886 974 933 255 731 808 202 083 107 222 649 187 846 453 665 811 897 098 020 228 894 894 859 297 318 340 001 071 009 192 562 417 772 984 877 698 853 542 593 636 444 027 533 040 935 915 813 168 845 132 901 552 962 701 458 676 717 289 654 592 766 241 716 537 224 558 971 653 452 584 095 112 445 172 074 201 143 562 050 388 679 596 940 363 284 123 348 981 882 787 138 460 628 328 791 554 028 580 941 413 379 735 552 00